2008223940 23 24 
2008223941 1 2 3
2008223942 1 2
2008223943 23 24 25
2008223944 23
2008223945 1
2008223946 23 24
2008223947 23 24
2008223948 2 3
2008223949 10 11
2008223950 3 5
2008223951 1 2 3
2008223952 1 2 3
2008223953 50 51 52
2008223954 3 4
2008223955 10 11 12
2008223956 1 2
2008223957 3 4
2008223958 4 5
2008223959 0 0
2008223960 0 0
2008223961 0 0
2008223962 2 3
2008223963 0 0
2008223964 10 15
2008223965 20 25 30 35
2008223966 40 45 50
2008223967 2
2008223968 47
2008223969 1 6
2008223970 6 11 16
2008223971 55 44
2008223972 6 11
2008223973 1 6
2008223974 6 11
2008223975 6 11
2008223976 1 6
2008223977 1 6
2008223978 -3 2
2008223979 2 7
2008223980 1 6
2008223981 3 8
2008223982 12 17
2008223983 22 27
2008223984 4 9
2008223985 32 37
2008223986 42 47
2008223987 0 0
2008223988 13 18
2008223989 23
2008223990 14 19
2008223991 28 33
2008223992 0 0
2008223993 44 45
2008223994 53 54
2008223995 38
2008223996 1
2008223997 2
2008223998 1
2008223999 15
2008224000 20
2008224001 25
2008224002 1
2008224003 23 24
2008224004 44
2008224005 1
2008224006 43
2008224007 48
2008224008 24
2008224009 35
2008224010 40
2008224011 6
2008224012 34
2008224013 55
2008224014 50
2008224015 1 2
2008224016 2 3
2008224017 5
2008224018 4
2008224019 5 10
2008224020 8 13
2008224021 9 14
2008224022 55
2008224023 23 24
2008224024 7 12
2008224025 16 21 26
2008224026 3 5
2008224027 23 24 25 26
2008224028 23 24
2008224029 7
2008224030 7 8
2008224031 1 2
2008224032 19